2,5193
16,297
18,2214
25,7191
35,3213
47,5886
61,720
62,7875
95,1314
103,6390
124,1962
138,945
156,3033
157,1413
191,108
196,9279
211,4086
215,4689
225,9630
237,8604
248,1989
253,2781
268,8019
295,4464
300,9171
307,9009
328,6264
334,6705
358,441
359,6210
360,9207
365,7326
381,8820
382,9396
404,8352
406,4266
413,5013
417,6939
419,5490
420,2124
422,9306
425,7110
427,6786
430,3834
434,2493
447,5553
452,2898
453,8271
464,3240
479,7371
485,8622
497,468
514,4869
546,5643
549,513
552,8442
556,2808
558,1386
573,387
574,999
582,7704
584,7164
596,6300
600,5544
605,5895
643,7254
652,1467
663,4851
669,5391
673,819
680,9738
685,8361
690,7470
691,1602
697,5238
701,3285
716,7524
735,7722
737,5985
755,4752
779,4212
785,3330
788,6804
795,5949
799,6093
824,3663
834,522
839,4356
840,8406
847,6732
850,8793
856,7461
862,8100
871,9378
878,2286
891,8379
893,9018
941,1845
950,216
978,4455
981,3222
982,7902
983,9081
991,2853
994,5094
996,4203
1007,882
1015,738
1020,9099
1037,9468
1041,2718
1049,4743
1050,8424
1054,4572
1070,7830
1075,3015
1076,8649
1101,783
1113,9198
1121,4293
1132,3312
1135,2916
1141,2862
1142,2340
1153,7587
1164,2133
1165,2313
1186,5967
1188,9621
1192,6408
1225,7290
1230,261
1247,8874
1265,810
1269,4302
1290,1512
1295,3807
1300,6588
1302,1026
1365,585
1374,2043
1377,6111
1398,2889
1399,3843
1414,6372
1423,9126
1433,9459
1437,2259
1446,8514
1448,9315
1470,7452
1477,2079
1478,9450
1481,3618
1483,8208
1499,5562
1507,5859
1513,3447
1523,6957
1541,5364
1548,2574
1556,5742
1562,648
1567,2349
1570,5499
1598,1170
1604,6417
1610,4626
1631,684
1633,8064
1645,2358
1649,765
1659,7794
1682,8496
1687,405
1689,3528
1690,4176
1730,5337
1753,4617
1770,9441
1795,6030
1804,1584
1817,2700
1821,1098
1825,5175
1832,4032
1837,3960
1850,3438
1856,8262
1864,8658
1881,8721
1888,6282
1897,4284
1921,9531
1924,4482
1965,6183
1977,9603
1978,963
1980,7038
1984,6219
1989,4068
2007,5103
2015,1917
2022,2772
2049,1836
2055,4806
2076,8865
2084,7299
2091,3474
2097,8190
2101,8550
2102,1476
2112,2970
2123,9747
2138,7146
2145,3672
2153,1557
2169,2376
2179,6660
2191,6759
2196,7533
2224,2682
2227,6912
2231,7155
2258,594
2263,234
2275,9216
2290,2187
2298,1494
2304,6498
2307,9693
2325,540
2326,6120
2333,1458
2334,8910
2337,7020
2341,3465
2369,702
2377,3348
2387,3987
2393,6651
2402,7335
2408,7209
2412,1422
2441,1278
2467,3888
2477,6102
2483,1143
2487,6273
2492,8145
2493,3906
2495,4239
2509,6885
2522,3168
2525,6849
2527,3393
2533,9801
2559,7317
2581,7101
2591,6381
2592,1233
2600,1332
2617,6201
2631,9225
2655,189
2675,6687
2688,6138
2703,6948
2705,1062
2709,5427
2727,6309
2738,4590
2758,6426
2760,9477
2781,3600
2798,5058
2808,792
2816,4896
2822,8136
2823,1287
2832,2925
2856,8676
2861,7056
2884,4221
2885,6993
2887,5400
2892,5769
2894,5328
2896,5580
2899,3690
2900,7479
2911,1755
2926,6075
2931,5247
2934,9297
2954,1179
2976,5661
3026,4968
3043,5265
3050,2421
3078,2322
3095,6084
3107,2457
3135,1449
3144,5679
3145,9648
3150,2016
3170,3339
3181,9288
3182,4275
3201,4050
3204,6444
3206,1710
3208,7398
3222,9702
3227,1341
3237,5778
3250,5850
3260,1998
3273,693
3277,8343
3287,2601
3291,2988
3298,8964
3309,972
3311,6579
3321,7245
3323,3582
3340,5832
3353,576
3359,9324
3366,5940
3369,9
3377,4680
3381,9774
3386,4887
3400,3915
3402,81
3411,3645
3413,6606
3438,3654
3455,6768
3464,2295
3476,8613
3488,2250
3505,567
3529,2907
3534,900
3542,9144
3555,5076
3570,3636
3573,2070
3575,936
3583,4788
3584,1611
3590,6354
3599,3132
3605,9927
3611,657
3616,7767
3617,675
3645,279
3653,2151
3670,6552
3674,5670
3685,2655
3686,2412
3689,9729
3701,2592
3708,9855
3711,4383
3725,7542
3730,5166
3731,612
3757,6930
3781,3996
3782,8433
3786,5409
3793,8829
3802,7614
3808,3249
3809,5724
3812,5283
3822,2061
3825,8307
3832,4257
3835,4842
3850,3141
3853,369
3862,2943
3868,8073
3875,3699
3877,7272
3878,4491
3879,5463
3888,7128
3907,324
3927,9513
3929,8127
3931,360
3934,7812
3937,5913
3941,8595
3943,1080
3947,1305
3948,9495
3979,2034
3981,4950
3984,7425
3994,1953
4000,7740
4003,5355
4007,162
4017,2763
4026,2844
4037,8154
4052,2790
4067,9558
4087,6228
4092,8757
4098,1260
4100,3537
4101,2025
4117,1872
4125,7173
4130,2223
4132,5040
4134,4725
4139,1764
4158,3096
4189,4923
4190,9900
4207,3357
4212,270
4217,6147
4230,5607
4236,1152
4243,5625
4244,4185
4249,5382
4272,8811
4274,7677
4293,2331
4296,4158
4306,7641
4308,891
4315,8577
4319,9090
4322,6570
4331,4833
4336,2178
4345,9828
4357,9783
4361,4131
4373,1854
4381,9270
4396,2502
4405,837
4415,5067
4421,8523
4432,4824
4436,3816
4446,4437
4450,1791
4455,2466
4461,2547
4470,9243
4479,3681
4495,828
4509,6516
4512,3042
4522,8172
4529,7965
4535,1944
4541,1269
4560,4473
4563,5877
4566,3276
4571,54
4584,9252
4594,135
4596,7065
4610,1782
4612,2754
4615,6345
4617,3933
4631,2367
4632,1827
4638,5472
4645,6174
4654,459
4694,7983
4713,5814
4723,8667
4727,8982
4730,6192
4736,6480
4743,6507
4750,6336
4762,1404
4789,9963
4790,7119
4794,4410
4807,7920
4829,9423
4844,7839
4853,864
4860,5841
4863,1395
4865,1188
4868,8883
4870,1125
4872,8055
4875,3609
4878,9612
4885,3258
4906,171
4908,954
4918,414
4923,4977
4930,6723
4935,6984
4954,3978
4961,5031
4973,2430
4979,63
4984,2961
4988,6048
4995,6822
5000,3555
5018,3366
5022,6858
5033,4941
5042,9999
5049,9360
5054,1935
5076,378
5092,7308
5096,8118
5100,8280
5103,3564
5110,7227
5114,2529
5116,2232
5118,873
5168,8046
5173,4995
5192,8712
5200,5436
5201,7776
5202,3951
5203,1818
5211,531
5213,7857
5220,6399
5235,6624
5259,1701
5263,1134
5266,2439
5281,9027
5295,2106
5303,7623
5306,4329
5309,639
5312,3726
5327,2394
5331,9990
5340,6462
5344,9432
5391,9405
5397,8739
5398,5121
5412,8298
5425,2997
5430,4311
5438,45
5443,7137
5472,2484
5477,4230
5481,9117
5482,7578
5484,8226
5496,5796
5500,1044
5506,5805
5514,9567
5534,4635
5558,5823
5588,2115
5596,1809
5626,1728
5646,8937
5651,9864
5657,6678
5659,5220
5678,5535
5695,2097
5696,7803
5702,6534
5703,9504
5741,5733
5743,8784
5766,1350
5769,4500
5775,2871
5778,8640
5782,3456
5788,6021
5793,7731
5812,5418
5823,7884
5826,6813
5841,3852
5842,2052
5854,1971
5883,7938
5891,4914
5894,3969
5900,8775
5910,5994
5913,3321
5932,5688
5949,7074
5960,1890
5963,7092
5966,6291
5972,7551
5986,4194
5987,2304
5994,1800
5999,9918
6007,8325
6015,5652
6017,8991
6018,5706
6020,1593
6035,1035
6044,6525
6053,1053
6069,9594
6070,5157
6074,981
6098,3492
6106,243
6108,2979
6110,5184
6113,6714
6118,2205
6124,9576
6142,9387
6155,855
6157,4986
6163,2007
6171,8478
6183,729
6188,9981
6208,5130
6242,9639
6253,5229
6255,8235
6257,7443
6267,7686
6271,8955
6278,7893
6279,1575
6282,7434
6303,9369
6320,4167
6328,3105
6331,5571
6333,9810
6334,7380
6338,2745
6345,5301
6363,3825
6367,6246
6372,7695
6374,7929
6378,5760
6390,5715
6397,4734
6400,9108
6415,5634
6416,909
6423,3753
6428,3708
6431,7281
6442,4860
6444,3573
6459,7911
6462,1485
6464,5589
6476,5004
6477,5481
6480,2673
6503,8973
6513,1863
6521,1746
6523,7263
6530,4527
6531,1665
6543,126
6565,5868
6580,8919
6582,7029
6584,9945
6607,306
6608,423
6626,1926
6643,7848
6645,1161
6647,9846
6650,4338
6651,180
6652,7200
6655,4932
6657,9765
6658,1377
6670,1566
6675,8334
6698,333
6707,477
6712,5526
6726,6318
6747,8289
6760,8469
6763,495
6775,2727
6783,4707
6792,396
6794,9522
6795,7218
6807,4419
6808,9261
6843,6696
6861,27
6881,8028
6885,7515
6890,4401
6894,1197
6895,4095
6909,2142
6913,6597
6914,7560
6915,5274
6939,7821
6940,5292
6944,9882
6949,1620
6957,7785
6992,2538
7019,1251
7025,2241
7029,4599
7030,3879
7048,2385
7055,1773
7082,2088
7085,1980
7088,7992
7092,2160
7095,3897
7097,3510
7123,3861
7126,486
7133,5616
7141,1071
7149,918
7161,4446
7166,3294
7175,3411
7176,9063
7183,4536
7185,8181
7186,3546
7188,9333
7191,8532
7200,1116
7205,8010
7211,2583
7219,9045
7235,504
7236,1530
7238,4365
7239,2799
7255,6633
7267,3078
7281,1899
7282,3267
7290,8703
7295,4014
7301,5310
7319,4905
7320,7416
7337,2403
7338,4770
7350,4878
7356,117
7361,5211
7374,4140
7389,1215
7397,4428
7431,6453
7442,2880
7446,2826
7452,7956
7456,5319
7463,4149
7468,9135
7473,3519
7475,5256
7476,9189
7484,2565
7485,4023
7495,7506
7511,1638
7521,747
7528,1881
7552,144
7554,3123
7556,3789
7561,6489
7583,6129
7590,4671
7603,99
7611,8217
7620,1521
7631,7713
7634,3402
7644,8244
7654,2268
7658,2709
7685,9036
7693,7866
7701,4248
7705,1908
7709,6642
7710,90
7713,3780
7721,6741
7738,3375
7751,4005
7760,9180
7763,18
7764,3231
7765,6894
7774,3114
7788,4959
7791,4653
7796,7407
7817,801
7833,4320
7839,2646
7840,9540
7849,990
7852,2556
7906,8397
7910,4113
7918,8559
7940,8109
7948,6066
7950,1224
7962,4392
7985,1431
7987,4815
7995,6156
8005,8856
8013,7236
8016,4509
8021,5454
8026,3429
8029,2835
8033,2952
8039,8370
8050,558
8053,6561
8054,9891
8065,1674
8069,342
8083,6615
8084,1737
8088,8082
8105,3483
8117,6471
8129,6903
8133,6165
8137,252
8142,8631
8152,756
8153,8091
8164,4122
8167,3150
8171,8505
8180,8460
8195,8838
8199,3420
8204,621
8208,8892
8222,8946
8232,0
8235,9054
8245,5049
8249,7002
8257,927
8269,4059
8271,9711
8275,3159
8280,6750
8304,9756
8305,288
8320,5922
8323,8037
8324,5787
8329,6777
8337,7605
8348,8451
8354,5022
8362,5697
8365,198
8398,7011
8399,153
8407,9234
8412,1323
8413,9972
8449,1656
8458,3771
8459,2475
8481,1503
8491,1440
8492,1008
8505,2169
8508,3060
8519,8802
8532,9549
8534,7569
8536,2817
8553,8001
8559,2448
8564,1647
8567,7083
8569,2511
8583,3195
8589,8253
8610,8730
8614,5202
8622,6840
8628,9684
8649,4563
8661,4347
8663,8163
8689,6795
8690,8748
8703,1539
8708,2736
8711,5139
8728,5112
8730,1242
8732,3735
8744,2637
8749,450
8768,1548
8785,6003
8800,3870
8801,4761
8815,8415
8827,7344
8831,2619
8840,7659
8863,9486
8876,8901
8877,3177
8878,3591
8886,2196
8889,7974
8901,6831
8902,1692
8912,432
8923,3798
8928,3051
8935,2664
8938,4716
8939,207
8942,5445
8943,4608
8947,2628
8948,9666
8951,3024
8952,3303
8953,4374
8954,5517
8962,6669
8964,5373
8974,603
8980,9720
8985,6966
8989,9873
8993,3762
9007,8766
9014,3942
9015,9675
9026,2277
9039,9351
9057,6921
9063,1368
9067,4779
9074,7182
9085,6435
9086,9162
9101,36
9104,711
9105,3204
9112,6867
9118,774
9124,9657
9143,8847
9152,5085
9162,1089
9164,4041
9171,8199
9175,549
9176,9909
9181,2934
9185,7650
9188,8586
9193,6876
9198,3186
9209,7758
9213,3087
9218,225
9228,5346
9234,4554
9235,7353
9242,7497
9244,9792
9248,3627
9250,7389
9270,1017
9280,8685
9292,315
9306,9819
9327,3717
9332,8316
9365,7047
9374,8928
9375,3069
9377,5904
9380,846
9395,8694
9414,4545
9446,6327
9456,6057
9459,9342
9477,666
9485,1683
9501,9585
9504,5976
9505,3744
9511,8388
9525,4104
9532,5751
9542,5148
9550,9000
9560,4698
9569,9414
9582,7749
9594,8541
9622,7947
9626,6363
9634,5508
9638,1629
9643,1107
9650,3384
9651,1206
9654,3501
9665,7668
9671,9954
9689,9153
9696,5598
9716,2691
9718,1296
9722,2610
9772,8568
9776,7632
9778,351
9780,2520
9781,6255
9793,6543
9794,9072
9796,1719
9811,6039
9816,4662
9844,9936
9845,6975
9852,4581
9853,7362
9875,9837
9877,3924
9882,6012
9895,7488
9905,72
9912,4644
9919,1359
9926,4518
9929,4797
9933,5958
9935,5931
9938,630
9948,3006
9957,6237
9967,4077
9972,8487
9985,7596